      0/99     1.37G   0.06663   0.01684   0.02721    0.1107         9       640  0.001837   0.08599  0.000419 9.772e-05   0.09178   0.05415   0.03223
      1/99     2.89G   0.06346   0.01289   0.02577    0.1021        19       640   0.01272   0.03036  0.003855 0.0007921   0.08665    0.0116   0.02661
      2/99     4.06G   0.06281   0.01221    0.0254    0.1004         6       640  0.009055   0.00625 0.0006534 0.0001851   0.08747   0.01006   0.02431
      3/99     4.06G   0.06305   0.01256    0.0246    0.1002         4       640  0.008022   0.03249  0.001567 0.0003315   0.08421   0.01042   0.02414
      4/99     4.06G   0.06437   0.01183   0.02421    0.1004         2       640  0.001144   0.08519 0.0002294  4.02e-05   0.08566   0.01547   0.02419
      5/99     4.06G    0.0633   0.01216   0.02379   0.09925         7       640   0.06139  0.001681 0.0006423 7.015e-05   0.09459   0.03969   0.05712
      6/99     4.06G   0.06346   0.01254   0.02377   0.09978        11       640  0.004619  0.001681 0.0001999 2.941e-05   0.09119  0.009458   0.02363
      7/99     4.06G   0.06355   0.01181   0.02229   0.09764         4       640    0.4011  0.008403 0.0002442 3.987e-05   0.08651   0.01065   0.02035
      8/99     4.06G   0.06298    0.0121   0.02272    0.0978         4       640  0.001408    0.1267 0.0006622 9.785e-05   0.08474   0.01082   0.02092
      9/99     4.06G    0.0634   0.01172   0.02332   0.09844         5       640  0.001848    0.1529 0.0005512 8.979e-05    0.0853   0.01076   0.02022
     10/99     4.06G   0.06372   0.01152   0.02277   0.09802        10       640  0.006594    0.0904  0.003373 0.0007078   0.08536   0.01071   0.02473
     11/99     4.06G   0.06262   0.01229   0.02236   0.09727        23       640  0.002526    0.0791  0.001238 0.0001948   0.08473   0.01114   0.02141
     12/99     4.06G   0.06146   0.01186    0.0213   0.09462        15       640   0.03277   0.02978  0.003089 0.0003887   0.08242   0.01139   0.02012
     13/99     4.06G   0.06219   0.01315   0.02197   0.09732        12       640   0.07375   0.03477  0.007836  0.001267   0.07981   0.01173   0.02019
     14/99     4.06G    0.0603   0.01243   0.02139   0.09411        10       640   0.02101   0.02474   0.00385 0.0009751   0.08381   0.01146   0.02012
     15/99     4.06G   0.06091    0.0131   0.02173   0.09573        20       640   0.01745   0.05098   0.01104  0.002076   0.08333   0.01159    0.0201
     16/99     4.06G   0.06052   0.01245   0.02167   0.09463         7       640  0.006505   0.03722   0.00302 0.0006671   0.08068   0.01174   0.01998
     17/99     4.06G   0.06017   0.01251   0.02134   0.09401         6       640   0.04664    0.0197   0.00945  0.001894     0.079   0.01179   0.02013
     18/99     4.06G   0.05974   0.01309   0.02116     0.094         5       640    0.0237   0.04352  0.006282  0.001464   0.08118   0.01158   0.02054
     19/99     4.06G   0.05713   0.01276   0.02038   0.09026        11       640   0.02662    0.0452   0.01459  0.003766   0.07658   0.01207   0.01997
     20/99     4.06G   0.05788   0.01276   0.02069   0.09132         9       640   0.02287   0.08321  0.009264  0.001982   0.07628   0.01262   0.02014
     21/99     4.06G   0.05551   0.01299   0.02013   0.08863        10       640   0.08978   0.02474   0.01034    0.0017    0.0781   0.01197   0.02045
     22/99     4.06G   0.05665   0.01263   0.02138   0.09067         9       640   0.05124   0.04977   0.01663  0.004909   0.07517   0.01227   0.01992
     23/99     4.06G   0.05521    0.0138   0.02071   0.08972         9       640   0.02899   0.03939    0.0143  0.003598   0.07416    0.0123   0.01982
     24/99     4.06G   0.05551   0.01321   0.02083   0.08955         9       640   0.03131    0.1008   0.02591  0.006063   0.07525   0.01231   0.01962
     25/99     4.06G   0.05277   0.01291   0.02028   0.08596         7       640   0.02617    0.1257   0.02606  0.008315   0.07444   0.01223   0.01984
     26/99     4.06G   0.05437   0.01376   0.02054   0.08867         5       640   0.04058    0.0702   0.02419  0.006047    0.0739   0.01264   0.01978
     27/99     4.06G   0.05423   0.01338   0.02096   0.08857         4       640   0.04319   0.09034   0.02948  0.008701   0.07426   0.01241   0.01963
     28/99     4.06G   0.05424   0.01363   0.02091   0.08878        12       640   0.02229    0.1612   0.02052  0.005422   0.07564   0.01204    0.0197
     29/99     4.06G   0.05434   0.01373    0.0214   0.08948         2       640   0.03591    0.1249   0.03021  0.007725   0.07525   0.01239    0.0197
     30/99     4.06G   0.05364   0.01381     0.021   0.08844        21       640   0.03299   0.07904   0.02133  0.005587   0.07583   0.01207   0.01964
     31/99     4.06G   0.05238   0.01339   0.02099   0.08675         7       640   0.03049    0.1835   0.03033   0.00809   0.07639   0.01187   0.01975
     32/99     4.06G   0.05281   0.01378   0.02062   0.08721         5       640   0.02931    0.2445   0.02433  0.006992   0.07561     0.012   0.01964
     33/99     4.06G   0.05099    0.0138   0.01998   0.08477         5       640   0.05235    0.1008   0.04219    0.0171   0.07543   0.01205   0.01958
     34/99     4.06G   0.05203   0.01343   0.02068   0.08614        14       640   0.06115    0.2129   0.05455    0.0158   0.07359   0.01201   0.01957
     35/99     4.06G    0.0513     0.014   0.02056   0.08586        13       640    0.0453    0.1537   0.03642   0.01085   0.07244    0.0126   0.01952
     36/99     4.06G   0.05098   0.01391   0.02028   0.08518         6       640   0.08517    0.1278   0.06178   0.02626   0.07231   0.01223    0.0194
     37/99     4.06G   0.05155   0.01388   0.01992   0.08535        10       640   0.05648    0.1137   0.05329   0.01934   0.07252   0.01231   0.01928
     38/99     4.06G   0.05039   0.01359   0.02002     0.084         7       640   0.05835    0.1066   0.04438   0.01308   0.07148   0.01238   0.01928
     39/99     4.06G   0.05001   0.01373   0.02008   0.08381        15       640   0.07689    0.1161   0.05214   0.01731   0.07227    0.0121   0.01937
     40/99     4.06G   0.05124   0.01399   0.02072   0.08595        17       640   0.04477    0.0995   0.04209   0.01518    0.0714   0.01234   0.01944
     41/99     4.06G   0.05061   0.01374   0.02105    0.0854         7       640   0.06856    0.2195   0.07179   0.03355   0.07079   0.01213   0.01924
     42/99     4.06G   0.04729   0.01403   0.02057   0.08189         9       640    0.0885     0.196   0.07616   0.03286   0.07158   0.01203   0.01934
     43/99     4.06G   0.04899   0.01398   0.02066   0.08363        22       640   0.08341     0.149   0.05534   0.01963   0.07094   0.01237   0.01914
     44/99     4.06G    0.0501   0.01394   0.02021   0.08425         8       640    0.1061   0.09735   0.06554    0.0259   0.07119   0.01221   0.01909
     45/99     4.06G    0.0482   0.01373   0.01965   0.08158         8       640    0.1283   0.09812   0.07148   0.02623   0.06987   0.01225   0.01911
     46/99     4.06G   0.04759   0.01381   0.01931    0.0807        14       640    0.1456   0.07272    0.0717   0.03376   0.07055   0.01215   0.01903
     47/99     4.06G   0.04783   0.01361   0.01975   0.08118        18       640    0.1172     0.209   0.09269   0.03922   0.07037   0.01202   0.01905
     48/99     4.06G   0.04664   0.01371    0.0193   0.07965         5       640    0.0817    0.2149   0.05467   0.01905   0.07003   0.01209   0.01895
     49/99     4.06G   0.04734   0.01412   0.02038   0.08184         3       640   0.02975    0.2648   0.02331  0.007318   0.06928   0.01762   0.01904
     50/99     4.06G   0.04817   0.01372    0.0198   0.08169         8       640    0.1308    0.1077   0.07185   0.02876   0.06963   0.01238   0.01906
     51/99     4.06G   0.04706   0.01389   0.01964   0.08058         5       640    0.1154    0.1204   0.07657   0.03362   0.07005   0.01242   0.01903
     52/99     4.06G   0.04708   0.01386   0.01983   0.08077         7       640   0.08597    0.2227   0.07312    0.0279   0.06897   0.01215   0.01895
     53/99     4.06G   0.04784   0.01386   0.01989   0.08159        12       640    0.1094    0.2263   0.09912   0.04207    0.0706   0.01207    0.0192
     54/99     4.06G   0.04524   0.01356   0.01945   0.07825        13       640     0.101    0.1791   0.06813   0.02499   0.06995   0.01217    0.0191
     55/99     4.06G   0.04741   0.01352   0.01954   0.08048        27       640    0.1421    0.1027   0.07892   0.03696   0.06891   0.01233   0.01893
     56/99     4.06G    0.0479   0.01423   0.02025   0.08238         6       640    0.1696    0.1193    0.1039   0.04207   0.06816    0.0121   0.01894
     57/99     4.06G    0.0464   0.01359   0.02001      0.08         2       640    0.1502   0.07141   0.05763   0.02654   0.06996   0.01251   0.01902
     58/99     4.06G   0.04625   0.01365   0.02034   0.08023        27       640     0.104    0.2849   0.07382   0.03073   0.06781   0.01221   0.01883
     59/99     4.06G   0.04644   0.01356   0.01917   0.07917        15       640    0.1165    0.2577    0.1118   0.05156   0.06905   0.01215   0.01885
     60/99     4.06G   0.04585   0.01353   0.01925   0.07863         2       640    0.1248    0.2222    0.1071    0.0555   0.07007   0.01177   0.01878
     61/99     4.06G   0.04506   0.01319   0.01926    0.0775         2       640   0.09492     0.279   0.07922   0.03387   0.06739   0.01216   0.01879
     62/99     4.06G   0.04492   0.01409   0.01884   0.07786        16       640    0.1346    0.2031    0.1041   0.05083   0.06719   0.01213    0.0187
     63/99     4.06G    0.0446   0.01376   0.01878   0.07715        12       640    0.1771    0.1748    0.1176   0.05683   0.06653   0.01194   0.01864
     64/99     4.06G   0.04402   0.01369   0.01888   0.07659         5       640    0.1664    0.2841    0.1379   0.05671   0.06787   0.01159   0.01877
     65/99     4.06G   0.04587    0.0141   0.01883    0.0788         3       640    0.1676     0.209     0.121   0.05175   0.06882   0.01173   0.01879
     66/99     4.06G   0.04448   0.01418   0.01908   0.07775         7       640    0.1945    0.2272    0.1459    0.0736    0.0675   0.01185   0.01882
     67/99     4.06G   0.04309   0.01341   0.01818   0.07467        10       640     0.182    0.1885    0.1454    0.0727   0.06644   0.01202   0.01847
     68/99     4.06G   0.04515   0.01462   0.01922   0.07898        26       640    0.1413    0.1987    0.1224   0.06341   0.06673   0.01196   0.01826
     69/99     4.06G   0.04452   0.01389   0.01872   0.07714         3       640    0.1972    0.2885    0.1789   0.09061   0.06674   0.01188   0.01827
     70/99     4.06G   0.04441    0.0138    0.0186   0.07681         7       640    0.2455    0.1613    0.1466   0.06813   0.06658   0.01187   0.01818
     71/99     4.06G   0.04268   0.01408    0.0182   0.07497         7       640    0.1601    0.3641    0.1697   0.07334   0.06679   0.01179    0.0183
     72/99     4.06G    0.0448   0.01384     0.018   0.07664         6       640    0.1725    0.3305    0.1631   0.07829   0.06619   0.01185   0.01799
     73/99     4.06G   0.04451   0.01394   0.01841   0.07686         6       640    0.2544     0.198    0.1591   0.07683   0.06691   0.01168   0.01798
     74/99     4.06G   0.04366   0.01363   0.01808   0.07537        16       640    0.2554    0.2295    0.1722   0.08218   0.06693   0.01139   0.01776
     75/99     4.06G   0.04301   0.01366   0.01801   0.07468         3       640    0.2534    0.2108    0.1602   0.07535   0.06613   0.01178   0.01815
     76/99     4.06G   0.04331   0.01358   0.01809   0.07498        12       640    0.1785    0.3227    0.1738   0.08119    0.0659   0.01172   0.01795
     77/99     4.06G   0.04271   0.01362   0.01718   0.07352        10       640    0.2497     0.214    0.1968   0.09846   0.06567   0.01159    0.0182
     78/99     4.06G   0.04245   0.01363   0.01806   0.07414         2       640    0.2003    0.1744    0.1582   0.08209   0.06551   0.01172   0.01817
     79/99     4.06G   0.04335   0.01366   0.01877   0.07578         9       640    0.2246    0.3206    0.1909   0.09417   0.06482   0.01178   0.01798
     80/99     4.06G   0.04258   0.01333   0.01769   0.07359         2       640    0.2576    0.2351    0.1691   0.08925   0.06368   0.01189   0.01784
     81/99     4.06G   0.04238   0.01358   0.01821   0.07418         4       640    0.2034     0.282    0.1892   0.09896   0.06415   0.01172   0.01784
     82/99     4.06G   0.04284   0.01363   0.01817   0.07464        13       640    0.2148    0.3413    0.1938   0.09779   0.06393    0.0117   0.01753
     83/99     4.06G   0.04316   0.01348   0.01786    0.0745        14       640    0.2111    0.3335    0.2061    0.1157   0.06263     0.012   0.01753
     84/99     4.06G   0.04253   0.01344   0.01749   0.07345        11       640    0.2454    0.2682    0.1656   0.07774   0.06241   0.01232   0.01744
     85/99     4.06G   0.04305   0.01399    0.0178   0.07484         3       640   0.08094    0.2724   0.06834   0.03065   0.06287   0.03493   0.01808
     86/99     4.06G   0.04304   0.01355   0.01697   0.07356         2       640   0.09751    0.3781   0.08184   0.03232   0.06271   0.02963   0.01734
     87/99     4.06G    0.0422   0.01367   0.01792   0.07379         4       640    0.1227     0.315    0.1036   0.04432   0.06221   0.01781    0.0171
     88/99     4.06G   0.04174   0.01392     0.017   0.07265         5       640    0.1707    0.2919    0.1291   0.05762   0.06235   0.01258   0.01758
     89/99     4.06G   0.04005   0.01365   0.01649   0.07019         7       640    0.1943    0.2802     0.129   0.05853   0.06168   0.01374   0.01718
     90/99     4.06G   0.04192   0.01352   0.01769   0.07313         9       640    0.2023    0.2091    0.1288   0.05281   0.06154   0.01451   0.01728
     91/99     4.06G   0.04055   0.01382   0.01678   0.07115        10       640     0.141    0.2841    0.1086   0.04543   0.06245   0.01864   0.01727
     92/99     4.06G   0.04215   0.01397   0.01701   0.07314         3       640    0.1844     0.321     0.155   0.07563    0.0621    0.0125   0.01699
     93/99     4.06G   0.04178   0.01365   0.01711   0.07254         6       640    0.1707    0.3419    0.1327    0.0638   0.06145   0.01335   0.01719
     94/99     4.06G   0.04151   0.01354   0.01701   0.07206        15       640    0.2332    0.3081    0.1682   0.08556   0.06105    0.0131   0.01719
     95/99     4.06G   0.04069   0.01322   0.01691   0.07081         6       640    0.2456    0.2662    0.1562   0.07372   0.06127   0.01384   0.01669
     96/99     4.06G   0.04104   0.01347    0.0173   0.07181        15       640    0.3835    0.2729    0.2273    0.1194   0.06164   0.01186   0.01676
     97/99     4.06G   0.04106   0.01342   0.01682    0.0713        12       640    0.3796    0.3139    0.2216    0.1103   0.06124   0.01205   0.01688
     98/99     4.06G   0.04018    0.0133    0.0163   0.06978         7       640     0.286    0.3007    0.2155    0.1118   0.06113   0.01182   0.01691
     99/99     4.06G   0.04055   0.01316   0.01608   0.06979         3       640    0.2025    0.3153    0.1609   0.06643   0.06153   0.01302   0.01696
